energy rhf 6-31g ang 1

18
0   1
C     -3.694223   -0.379548   -0.142540
H     -4.527824   -0.979130    0.230691
H     -3.842540   -0.247867   -1.217373
C     -3.693505    0.999072    0.553053
C     -2.365032   -1.123924    0.109641
H     -4.623939    1.525289    0.327048
H     -3.650542    0.863010    1.636679
C     -2.490344    1.848768    0.089521
H     -2.588576    2.073154   -0.975658
H     -2.485323    2.801429    0.624405
C     -1.161153    1.104391    0.341702
C     -1.161871   -0.274228   -0.353890
H     -0.327552    1.703973   -0.031529
H     -1.012835    0.972710    1.416535
H     -0.231437   -0.800445   -0.127886
H     -2.266800   -1.348310    1.174820
H     -2.370053   -2.076586   -0.425243
H     -1.204834   -0.138166   -1.437516
